Histogram: Output from distr_to_stathist_probs
Distance,Same,Diff
0.000657,0.000761538461538462,0
0.001305,0.011163,0
0.001607,0.025437,0
0.001951,7.53923076923077e-06,0
0.002305,0.0464538461538462,0
0.002602,0.0769230769230769,1
0.002912,0.0366,0
0.002962,0.000469230769230769,0
0.003048,0.002058,0
0.003263,0.125,0
0.003266,0.125,0
0.00361,0.018117,0
0.003617,0.0469230769230769,0
0.003904,0,1
0.003908,0.0761538461538462,0
0.003911,0.0769230769230769,0
0.003912,0.0297,0
0.003922,0,0.142857142857143
0.003927,0.125,0
0.003933,0.000761538461538462,0
0.004265,0.0469230769230769,0
0.004267,0.000183,0
0.004519,0.0117,0
0.004556,0.153076923076923,0
0.004559,0.0761538461538462,0
0.004565,0.000769230769230769,0
0.004566,0.0769230769230769,0
0.004569,0.0003,0
0.004589,0.125,0
0.00459,0.000769230769230769,0
0.004922,0.0183,0
0.005211,0.0769230769230769,0
0.005213,0.0776923076923077,1
0.005216,0.000769230769230769,0
0.005217,0.0297,0
0.005222,0.0769230769230769,0
0.005224,0.03,0
0.00557,0.0652230769230769,0
0.00584,0.0769230769230769,0
0.005856,0.0769230769230769,0
0.005858,0.0769230769230769,1
0.005865,0.153846153846154,0
0.00587,0.0769230769230769,0
0.005871,0,0.333333333333333
0.005872,0.03,0
0.005874,0.0003,0
0.005878,0.125,0
0.005927,0.000753923076923077,0
0.006238,0.000469230769230769,0
0.006513,0.0769230769230769,1
0.006518,0.0769230769230769,0
0.00652,0.0769230769230769,0
0.006523,0.0769230769230769,0
0.006524,0.00153846153846154,0
0.006529,0.03,0
0.00654,0.125,0
0.006875,0.0183,0
0.007158,0.0769230769230769,1
0.007165,0.153846153846154,0
0.007167,0.0769230769230769,1
0.007169,0.0761538461538462,0
0.007171,0,0.392156862745098
0.007173,0.0769230769230769,0
0.007177,0.136923076923077,0
0.007201,0.125,0
0.007204,0,0.392156862745098
0.007543,0.000183,0
0.00781,0.0769230769230769,0
0.007819,0.0769230769230769,0
0.00782,0.0769230769230769,1
0.007821,0.0769230769230769,0
0.007826,0.000769230769230769,0
0.007836,0.125,0
0.007841,0.000769230769230769,0
0.007845,0.0003,0
0.007878,0.000753923076923077,0
0.007903,0,0.5
0.00818,0.0469230769230769,0
0.008465,0.0769230769230769,0
0.008472,0.0769230769230769,0
0.008474,0.0769230769230769,0
0.008482,0.03,0
0.008489,0.000769230769230769,0
0.008492,0.000769230769230769,0
0.008498,0.125,0
0.00851,0,0.5
0.008526,0.0769230769230769,0
0.009119,0.0769230769230769,0
0.009127,0.0769230769230769,0
0.009135,0,0.392156862745098
0.009141,0,0.392156862745098
0.00915,0.0003,0
0.009152,0.125,0
0.009159,0.125,0
0.009205,0.125,0
0.009485,0.0183,0
0.009772,0.0769230769230769,0
0.009783,0.0769230769230769,0
0.009787,0.03,0
0.009796,0,0.392156862745098
0.009803,0,0.392156862745098
0.009814,0.125,0
0.009867,0.125,0
0.0104,0.0769230769230769,0
0.010431,0.0769230769230769,0
0.010441,0,0.342857142857143
0.010452,0.0761538461538462,0
0.010461,0,0.392156862745098
0.010464,0,0.392156862745098
0.010473,0.0761538461538462,0
0.010475,0.125,0
0.010483,0.666666666666667,0
0.010528,0.125,0
0.010788,0.0165432,0
0.011068,0.00153846153846154,0
0.011084,0.00153846153846154,0
0.011092,0.03,0
0.011093,0,0.333333333333333
0.011102,0.000769230769230769,0
0.011109,0.000769230769230769,0
0.01111,0.125,0
0.011113,0.0769230769230769,0
0.01113,0.000769230769230769,0
0.011136,0.0769230769230769,0
0.011137,0,0.5
0.011463,0.0469230769230769,0
0.011484,0.0469230769230769,0
0.011702,0.0769230769230769,1
0.011709,0.0769230769230769,0
0.011747,0,0.392156862745098
0.011752,1,0
0.011816,0,0.5
0.011829,0.125,0
0.012354,0.0769230769230769,0
0.012386,0.00153846153846154,0.02
0.012393,0.00153846153846154,0
0.012415,0,0.392156862745098
0.012426,0.125,0
0.012479,0.125,0
0.012768,0.0183,0
0.012789,0.0183,0
0.013009,0.0769230769230769,0
0.013038,0.00153846153846154,0
0.01306,0.000761538461538462,0
0.013066,0.0769230769230769,0
0.01307,0.696666666666667,0
0.013087,0.0769230769230769,0
0.013091,0.03,0
0.013108,0,0.333333333333333
0.013134,0,0.392156862745098
0.013663,0.0769230769230769,0
0.013693,0.00153846153846154,0
0.013705,0,0.392156862745098
0.013714,0.0769230769230769,0
0.013723,0.0769230769230769,0
0.013735,0.0769230769230769,0
0.013836,0.0004,0
0.014316,0.0769230769230769,0
0.014347,0.00153846153846154,0
0.014375,0.03,0
0.014377,0,0.342857142857143
0.014384,0.125,0
0.014385,0.000769230769230769,0
0.014396,0.03,0
0.014398,0,0.342857142857143
0.014406,0.000769230769230769,0
0.015,0.00153846153846154,0
0.01501,1,0
0.015011,0.000761538461538462,0
0.015021,0,0.392156862745098
0.015074,0,0.392156862745098
0.015108,1,0
0.015689,0,0.392156862745098
0.015694,1.52307692307692e-05,0
0.015753,0.125,0
0.017027,0.743589743589744,0
0.017604,0.000761538461538462,0
0.01762,0.000761538461538462,0
0.017645,1.52307692307692e-05,0
0.018122,0.0098196,0
0.01833,0,0.333333333333333
0.018375,0.125,0
0.018922,0.000761538461538462,0.0099
0.018929,0.000761538461538462,0
0.018987,0.0761538461538462,0
0.019555,0.000761538461538462,0
0.019571,0.000761538461538462,0
0.019574,0.000761538461538462,0
0.020229,0.000761538461538462,0
0.020873,0.000761538461538462,0.0099
0.02088,0.000761538461538462,0
0.020883,0.000761538461538462,0
0.02117,0.0025,0
0.021525,0.000761538461538462,0
0.021536,0.000761538461538462,0
0.021621,0.00152307692307692,0
0.02218,0.000761538461538462,0
0.022834,0.000761538461538462,0
0.023487,0.000761538461538462,0
0.023531,0.0761538461538462,0
0.023547,0.0761538461538462,0
0.024849,0.0761538461538462,0.99
0.024856,0.0761538461538462,0
0.025501,0.0761538461538462,0
0.026156,0.0761538461538462,0
0.02681,0.0761538461538462,0
0.027463,0.0761538461538462,0
0.02819,0.000464538461538462,0
0.028481,0.000753923076923077,0
0.02891,0.00432,0
0.029138,7.61538461538462e-06,0
0.029495,0.00018117,0
0.029793,0.000761538461538462,0
0.029797,0.000297,0
0.029842,0,0.392156862745098
0.030141,0.000464538461538462,0
0.030432,0.000753923076923077,0
0.030441,0.000761538461538462,0
0.030496,0.125,0
0.031089,7.61538461538462e-06,0
0.031102,0.000297,0
0.031446,0.00018117,0
0.031744,0.000761538461538462,0
0.031746,0.000761538461538462,0
0.031748,0.000297,0
0.031806,0,0.392156862745098
0.032392,0.000761538461538462,0
0.032414,7.61538461538462e-06,0
0.03246,0.125,0
0.032467,0,0.392156862745098
0.033053,0.000297,0
0.033107,1,0
0.033121,0.125,0
0.033697,0.000761538461538462,0
0.033761,0,0.392156862745098
0.034117,0.0464538461538462,0
0.034356,0.000761538461538462,0
0.034365,7.61538461538462e-06,0
0.034408,0.0753923076923077,0
0.034418,0,0.392156862745098
0.035065,0.000761538461538462,0
0.035072,0.125,0
0.035422,0.018117,0
0.035669,0,0.5
0.03572,0.0761538461538462,0
0.035724,0.0297,0
0.036307,0.000761538461538462,0
0.036368,0.0761538461538462,0
0.036376,0,0.392156862745098
0.036734,0.0469230769230769,0
0.037025,0.0761538461538462,0
0.037029,0.0297,0
0.03703,0.125,0
0.037639,0.000761538461538462,0
0.03766,0.000761538461538462,0
0.037673,0.0761538461538462,0
0.037681,1,0
0.037682,0.000769230769230769,0
0.037692,0,0.392156862745098
0.037745,0,0.392156862745098
0.038039,0.0183,0
0.038335,0,0.392156862745098
0.038337,0.0769230769230769,0
0.038341,0.0307615384615385,0
0.038346,0.125,0
0.038399,0.125,0
0.038612,0.0469230769230769,0
0.038903,0.0761538461538462,0
0.038977,0.666666666666667,0
0.038985,0.0769230769230769,0
0.03956,0.000769230769230769,0
0.039576,0,0.333333333333333
0.03959,0.000761538461538462,0
0.039598,0,0.5
0.039611,0.000761538461538462,0
0.039646,0.03,0
0.039917,0.0183,0
0.040215,0.0769230769230769,0
0.040219,0.03,0
0.040263,1,0
0.040283,0.0761538461538462,0
0.040284,0,0.342857142857143
0.040287,0,0.142857142857143
0.04029,0.0769230769230769,0
0.040863,0.0769230769230769,0
0.040958,0.000769230769230769,0
0.041246,0.000938461538461539,0
0.041524,0.03,0
0.041537,0.00152307692307692,0
0.041594,0,0.2
0.042168,0.0769230769230769,0
0.042194,1.53846153846154e-05,0
0.042551,0.000366,0
0.042836,0.000769230769230769,0
0.042849,0.00153846153846154,0
0.042853,0.0006,0
0.0429,0.0769230769230769,0
0.042913,0.666666666666667,0
0.042934,0.666666666666667,0
0.043156,0.0469230769230769,0
0.043172,0.0469230769230769,0
0.043447,0.0761538461538462,0
0.043463,0.0761538461538462,0
0.043497,0.00153846153846154,0
0.043566,0.0761538461538462,0
0.043569,1,0
0.043574,0.125,0
0.043587,0.0761538461538462,0
0.044104,0.000769230769230769,0
0.04412,0.000769230769230769,0
0.044158,0.0006,0
0.044223,0,0.142857142857143
0.044244,0,0.142857142857143
0.044461,0.0183,0
0.044474,0.0469230769230769,0.61
0.044477,0.0183,0
0.044481,0.0469230769230769,0
0.044609,0.125,0
0.044759,0.0769230769230769,0
0.044763,0.03,0
0.044765,0.0761538461538462,0.99
0.044772,0.0761538461538462,0
0.044775,0.0769230769230769,0
0.044778,0.0769230769230769,0
0.044779,0.03,0
0.044798,0,0.333333333333333
0.044802,0.00153846153846154,0
0.044819,0.125,0
0.045126,0.0469230769230769,0
0.045407,0.0769230769230769,0
0.045417,0.0761538461538462,0
0.045422,0.000769230769230769,0.01
0.045423,0.0769230769230769,0
0.045429,0.000769230769230769,0
0.04547,1.53846153846154e-05,0
0.045538,0.125,0
0.045779,0.0183,0.2379
0.045781,0.0469230769230769,0
0.045786,0.0183,0
0.046068,0.03,0
0.046072,0.0761538461538462,0
0.046074,0.000769230769230769,0
0.046077,0.0769230769230769,1
0.046081,0.03,0.39
0.046084,0.106923076923077,0
0.046088,0.03,0
0.046183,0.0769230769230769,0
0.046199,0.125,0
0.046204,0.0769230769230769,0
0.046431,0.0183,0
0.046435,0.0469230769230769,0
0.046568,0.125,0
0.046712,0.0769230769230769,0
0.046725,0.0769230769230769,1
0.046726,0.0761538461538462,0
0.046728,0.0769230769230769,0
0.046729,0.0776923076923077,0
0.046732,0.0769230769230769,0
0.046733,0.03,0
0.046783,0.125,0
0.046839,0,0.392156862745098
0.047086,0.0183,0
0.047088,0.0469230769230769,0
0.047152,0.000761538461538462,0
0.047377,0.0769230769230769,0
0.047379,0.0761538461538462,0
0.04738,0.000769230769230769,0
0.047383,0.000769230769230769,0
0.047384,0.0769230769230769,0
0.047386,0.03,0.39
0.047388,0.03,0
0.047393,0.03,0
0.047396,0.000769230769230769,0
0.047412,0.00153846153846154,0
0.047444,0.125,0
0.04774,0.0183,0
0.04803,0.0769230769230769,1
0.048032,0.0769230769230769,0
0.048036,0.000769230769230769,0
0.048037,0.0769230769230769,0
0.048038,0.106923076923077,0
0.048042,0.03,0
0.048061,0.0769230769230769,0
0.048082,0.0769230769230769,0
0.048084,0,0.392156862745098
0.04815,0.125,0
0.048393,0.0183,0
0.048682,0.0769230769230769,0
0.048686,0.0769230769230769,0
0.048691,0.0769230769230769,0
0.048693,0.03,0
0.048695,0.03,0
0.048698,0.000769230769230769,0.01
0.048705,0.000769230769230769,0
0.049103,0.000761538461538462,0
0.049322,0.0769230769230769,0
0.049337,0.0769230769230769,0
0.049338,0.0769230769230769,0
0.049339,0.0769230769230769,0
0.049347,0.03,0
0.04935,0.000769230769230769,0
0.049395,0.125,0
0.049991,0.0769230769230769,0
0.05,0.03,0
0.050005,0.000769230769230769,0
0.050108,0.125,0
0.05064,0.0769230769230769,1
0.050644,0.0769230769230769,0
0.050647,0.0769230769230769,0
0.050659,0.000769230769230769,0
0.050695,0.00153846153846154,0
0.050716,0.00153846153846154,0
0.051292,0.0769230769230769,0
0.051312,0.000769230769230769,0
0.051353,0.125,0
0.051413,0,0.392156862745098
0.051424,0.125,0
0.051477,0.125,0
0.051947,0.0769230769230769,0
0.052601,0.0769230769230769,0
0.052605,0.0769230769230769,0
0.052621,0.0769230769230769,0
0.052626,0.0769230769230769,0
0.052642,0.0769230769230769,0
0.052658,0,0.392156862745098
0.052669,0.125,0
0.052722,0.125,0
0.053079,0.0761538461538462,0
0.053254,0.0769230769230769,0
0.053692,0.125,0
0.053752,0,0.392156862745098
0.053923,0.0769230769230769,1
0.05393,0.0769230769230769,0
0.053944,0.0769230769230769,1
0.053951,0.0769230769230769,0
0.054406,0.125,0
0.054542,0.0007716,0
0.054575,0.0769230769230769,0
0.054596,0.0769230769230769,0
0.054997,0,0.392156862745098
0.05523,0.0769230769230769,0
0.055251,0.0769230769230769,0
0.055651,0.25,0
0.055884,0.0769230769230769,0
0.055905,0.0769230769230769,0
0.056537,0.0769230769230769,0
0.056558,0.0769230769230769,0
0.057574,0.0769230769230769,0
0.060208,0.00153846153846154,0
0.062118,0.0769230769230769,0
0.062134,0.0769230769230769,0
0.063253,0.02,0
0.063436,0.0769230769230769,1
0.063443,0.0769230769230769,0
0.064088,0.0769230769230769,0
0.064743,0.0769230769230769,0
0.065212,0.02,0
0.06533,0.0029292,0
0.065397,0.0769230769230769,0
0.06605,0.0769230769230769,0
0.068378,4.2e-05,0
0.07324,0.04107312,0
0.074041,0.1029,0
0.076,0.1029,0
0.077089,0.0025,0
0.078891,0.125,0
0.079048,0.0025,0
0.08085,0.125,0
0.080855,0.125,0
0.081516,0.125,0
0.082156,0,0.392156862745098
0.08257,0,0.333333333333333
0.082814,0.125,0
0.083452,0.0427308,0
0.083467,0.125,0
0.083475,0.125,0
0.084115,0,0.392156862745098
0.085425,0.125,0
0.085426,0.125,0
0.08673,0,0.392156862745098
0.086741,0.125,0
0.086794,0.125,0
0.087384,0.125,0
0.088689,0,0.392156862745098
0.0887,0.125,0
0.088753,0.125,0
0.089069,0,0.392156862745098
0.089723,0.125,0
0.091028,0,0.392156862745098
0.091682,0.125,0
0.092163,0.0025,0
0.094122,0.0025,0
0.102606,0.02,0
0.109737,0,0.333333333333333
0.111689,0.02,0
0.113394,0.1029,0
0.114306,1,0
0.116442,0.0025,0
0.117795,0.0021,0
0.118276,0,0.333333333333333
0.119528,1,0
0.119754,0.0021,0
0.122477,0.1029,0
0.125525,0.0025,0
0.127782,0.00356,0
0.131516,0.0025,0
0.136888,0.02,0
0.13857,0.0070488,0
0.138852,0.02,0
0.139513,0.02,0
0.140153,0,0.0627450980392157
0.140599,0.0025,0
0.141455,0,0.00342857142857143
0.141464,0.02,0
0.142762,0.004,0
0.143422,0.02,0
0.144727,0,0.0627450980392157
0.144738,0.02,0
0.144791,0.02,0
0.145391,0,0.00342857142857143
0.145412,0,0.00342857142857143
0.147066,0,0.0627450980392157
0.147676,0.1029,0
0.14772,0.02,0
0.14964,0.1029,0
0.150301,0.1029,0
0.150724,0.0025,0
0.150941,0,0.322823529411765
0.151634,0,0.00342857142857143
0.152243,0,0.00678857142857143
0.152252,0.1029,0
0.152514,0,0.0099
0.152688,0.0025,0
0.152944,0,0.002
0.153349,0.0025,0
0.15355,0.00792,0
0.153989,0,0.00784313725490196
0.15421,0.1029,0
0.1553,0.0025,0
0.155515,0,0.322823529411765
0.155526,0.1029,0
0.155579,0.1029,0
0.156179,0,0.00678857142857143
0.1562,0,0.00678857142857143
0.156692,0.34888,0
0.157148,0.0021,0
0.157258,0.0025,0
0.157854,0,0.322823529411765
0.158508,0.1029,0
0.158563,0,0.00784313725490196
0.158574,0.0025,0
0.158627,0.0025,0
0.160902,0,0.00784313725490196
0.161556,0.0025,0
0.162422,0,0.00678857142857143
0.163732,0,0.00396
0.165798,0.0025,0
0.166231,0.0021,0
0.16626,0,0.0099
0.167762,0.0025,0
0.168423,0.0025,0
0.169063,0,0.00784313725490196
0.170365,0,0.336
0.170374,0.0025,0
0.171672,0.392,0
0.172332,0.0025,0
0.173637,0,0.00784313725490196
0.173648,0.0025,0
0.173701,0.0025,0
0.174301,0,0.336
0.174322,0,0.336
0.175976,0,0.00784313725490196
0.17663,0.0025,0
0.180544,0,0.336
0.181854,0,0.196
0.19143,0.0021,0
0.193394,0.0021,0
0.194055,0.0021,0
0.194695,0,0.00658823529411765
0.195997,0,0.0373371428571429
0.196006,0.0021,0
0.197304,0.04356,0
0.197964,0.0021,0
0.199269,0,0.00658823529411765
0.19928,0.0021,0
0.199333,0.0021,0
0.199933,0,0.0373371428571429
0.199954,0,0.0373371428571429
0.200608,0,0.0099
0.201608,0,0.00658823529411765
0.202262,0.0021,0
0.206176,0,0.0373371428571429
0.207486,0,0.02178
0.225754,0,0.0129333333333333
0.2395,0,0.0129333333333333
0.269237,0,0.305142857142857
0.270544,0.356,0
0.273173,0,0.305142857142857
0.273194,0,0.305142857142857
0.273848,0,0.0129333333333333
0.279416,0,0.305142857142857
0.280726,0,0.178
Sum same: 38.2667166607693 Sum diff: 46.3767621848739
boot 0.0675308981608866 0.0671509430337987 0.000379955127087883 
boot 0.060637191213656 0.0695788575329253 -0.00894166631926924 
boot 0.0650418837105087 0.0513523434753633 0.0136895402351454 
boot 0.0628122121561085 0.0621760430960957 0.000636169060012785 
boot 0.0586882317549331 0.0664298456027219 -0.00774161384778877 
boot 0.0691027768956335 0.0629911535400061 0.00611162335562745 
boot 0.0545911713553794 0.0607166273829017 -0.00612545602752233 
boot 0.0596955147032785 0.0586451259551504 0.00105038874812811 
boot 0.0532158725015772 0.065573450769606 -0.0123575782680287 
boot 0.0623719914880969 0.0603182163599917 0.00205377512810512 
boot 0.0599454429692051 0.0559493445982772 0.00399609837092796 
boot 0.0576145572296002 0.0666888739530965 -0.0090743167234963 
boot 0.0606810071443415 0.061938398838133 -0.00125739169379149 
boot 0.065030531818562 0.0614199789666174 0.00361055285194457 
boot 0.0553242380936892 0.0618223656129486 -0.00649812751925945 
boot 0.0592238686544438 0.0645502821776605 -0.00532641352321673 
boot 0.0477779116553935 0.0604764091868864 -0.0126984975314929 
boot 0.0580392586512162 0.0682682049697608 -0.0102289463185447 
boot 0.0581178609203317 0.0628782599435606 -0.00476039902322897 
boot 0.0609144613336435 0.066846243948346 -0.00593178261470242 
boot 0.0599734114449173 0.0609060541572231 -0.00093264271230583 
boot 0.0641590536060822 0.0567991007038631 0.00735995290221911 
boot 0.0570035274270709 0.0675403336191762 -0.0105368061921054 
boot 0.0587736374258356 0.0550796554756964 0.00369398195013928 
boot 0.063709104656677 0.0644636883082858 -0.000754583651608812 
boot 0.0692236476630813 0.0654354563069999 0.0037881913560814 
boot 0.0649319900381447 0.0602316929090129 0.00470029712913175 
boot 0.0516558573085269 0.049608937390459 0.00204691991806791 
boot 0.0584422645533631 0.0666284469786935 -0.00818618242533038 
boot 0.0560174996063536 0.0656771080938156 -0.00965960848746205 
boot 0.0593285601973427 0.0559424865029991 0.00338607369434364 
boot 0.0507396233074204 0.0589181513944571 -0.00817852808703677 
boot 0.0569654434054349 0.0611280172946319 -0.00416257388919697 
boot 0.0501942300902774 0.0495593169225907 0.000634913167686699 
boot 0.0650956239688837 0.0551917291096136 0.00990389485927003 
boot 0.0569715228744781 0.0600209997015972 -0.00304947682711907 
boot 0.0535203689546684 0.0622688704191495 -0.00874850146448109 
boot 0.0558771595158268 0.0656369765061162 -0.00975981699028936 
boot 0.0605298391043385 0.0545904670692979 0.00593937203504067 
boot 0.0596693049323342 0.0702997363124186 -0.0106304313800844 
boot 0.0638160684205624 0.0656145988282232 -0.00179853040766083 
boot 0.0656427555467027 0.0550268609956859 0.0106158945510168 
boot 0.0747840960162515 0.0575128434097067 0.0172712526065447 
boot 0.0591702757437351 0.0616726572391787 -0.00250238149544359 
boot 0.0599784620477158 0.0660580045463821 -0.00607954249866633 
boot 0.0595377474338741 0.0675715487150933 -0.00803380128121926 
boot 0.0553954927281237 0.067951614006014 -0.0125561212778903 
boot 0.0572307287600515 0.0679995181649488 -0.0107687894048974 
boot 0.0572405625287031 0.0537651194803246 0.00347544304837855 
boot 0.0586524264225877 0.0614591348626095 -0.00280670844002185 
boot 0.0649826503444928 0.0573644832258136 0.00761816711867917 
boot 0.057160819432879 0.0609119937315403 -0.00375117429866126 
boot 0.0621860890663423 0.0588595358540813 0.00332655321226093 
boot 0.0592310120322659 0.0658453428508911 -0.0066143308186252 
boot 0.0510903188899171 0.0570948102927184 -0.00600449140280124 
boot 0.0634594786606914 0.0621498769061868 0.00130960175450459 
boot 0.0521456419940923 0.0530931205453436 -0.000947478551251352 
boot 0.063161079281227 0.0631204850566352 4.059422459185e-05 
boot 0.0569433974656269 0.0628327433771467 -0.00588934591151986 
boot 0.0614776793732574 0.0655324689050493 -0.00405478953179191 
boot 0.0618085002107964 0.0623935338321851 -0.000585033621388745 
boot 0.0599721473693037 0.0561288499250942 0.00384329744420953 
boot 0.0643389854545236 0.0606930065879122 0.00364597886661144 
boot 0.0596634304767878 0.0622557320285961 -0.00259230155180831 
boot 0.0527013841023203 0.0609058876879367 -0.00820450358561643 
boot 0.052501087395783 0.0580602515446002 -0.00555916414881714 
boot 0.0510679663928281 0.0637223133100475 -0.0126543469172194 
boot 0.0590073593649133 0.0586632020627452 0.000344157302168115 
boot 0.053388688450792 0.0609445240305681 -0.00755583557977608 
boot 0.0649111235102887 0.059089870498982 0.00582125301130668 
boot 0.0597643361936787 0.058568748504763 0.00119558768891575 
boot 0.0622215590714601 0.0674006855650209 -0.00517912649356088 
boot 0.0571104549204974 0.0622265234311237 -0.00511606851062629 
boot 0.0713507756619999 0.0660466040766288 0.00530417158537111 
boot 0.0580365929656612 0.0656279822722849 -0.00759138930662373 
boot 0.0668771834148056 0.0599656921504313 0.00691149126437426 
boot 0.0542152092037353 0.0636885010055657 -0.0094732918018304 
boot 0.0615728905456811 0.0632217246242478 -0.00164883407856665 
boot 0.0582644747044529 0.0682125266574503 -0.0099480519529974 
boot 0.060177106963188 0.0676968063221735 -0.00751969935898548 
boot 0.0633081544073716 0.0575104097249903 0.00579774468238131 
boot 0.0672037192455877 0.0648719266788018 0.00233179256678584 
boot 0.0605192689639017 0.0613833741982856 -0.000864105234383954 
boot 0.0543275264736787 0.0623568472537759 -0.00802932078009719 
boot 0.0730301266824317 0.0495267337294533 0.0235033929529784 
boot 0.0667330381702017 0.0609038870193765 0.00582915115082519 
boot 0.0535256942479035 0.0577064584705377 -0.00418076422263423 
boot 0.0569470598638767 0.0642328252668456 -0.0072857654029688 
boot 0.0579636331150512 0.065379121859635 -0.0074154887445838 
boot 0.0586847017187765 0.0624797162559822 -0.00379501453720568 
boot 0.0616036740388921 0.0696865083929997 -0.00808283435410758 
boot 0.0668170679855889 0.065760819744654 0.00105624824093488 
boot 0.0621272662336272 0.0574563699775274 0.00467089625609983 
boot 0.0679391882159568 0.0605738397778567 0.00736534843810011 
boot 0.0581419307684791 0.0597321123188962 -0.00159018155041711 
boot 0.0609840372476748 0.0635311976370591 -0.00254716038938428 
boot 0.0600669190159341 0.0660007685928618 -0.00593384957692771 
boot 0.0701988384568214 0.0555504371157436 0.0146484013410778 
boot 0.0707552135669583 0.0592202965517426 0.0115349170152157 
boot 0.0584242149536568 0.0639417372977975 -0.00551752234414064 
same_mean	diff_mean	mean_difference	pvalue
>	0.0467831075130523	0.048292952178732	0.0015098446656797	0.31
