boot 0.040753 0.042281 -0.001528 
boot 0.040753 0.040891 -0.000137999999999999 
boot 0.04153 0.040896 0.000633999999999996 
boot 0.040753 0.041708 -0.000955000000000004 
boot 0.040753 0.038985 0.001768 
boot 0.040312 0.040753 -0.000440999999999997 
boot 0.04024 0.040263 -2.30000000000022e-05 
boot 0.041533 0.040902 0.000631 
boot 0.039366 0.04024 -0.000874 
boot 0.039645 0.040896 -0.001251 
boot 0.040263 0.040753 -0.000489999999999997 
boot 0.040753 0.040753 0 
boot 0.038359 0.040333 -0.001974 
boot 0.040753 0.040913 -0.00016 
boot 0.039047 0.039655 -0.000608000000000004 
boot 0.040902 0.039653 0.001249 
boot 0.040313 0.038346 0.001967 
boot 0.040872 0.040753 0.000119000000000001 
boot 0.040231 0.041246 -0.001015 
boot 0.039955 0.04154 -0.001585 
boot 0.040884 0.040753 0.000130999999999999 
boot 0.040231 0.043384 -0.003153 
boot 0.04154 0.040872 0.000668000000000002 
boot 0.040883 0.040753 0.000130000000000005 
boot 0.041638 0.039689 0.001949 
boot 0.040753 0.039653 0.0011 
boot 0.040753 0.040891 -0.000137999999999999 
boot 0.040884 0.038341 0.002543 
boot 0.040884 0.04155 -0.000666 
boot 0.040227 0.040902 -0.000675000000000002 
boot 0.040312 0.038986 0.001326 
boot 0.039047 0.040961 -0.001914 
boot 0.039047 0.039611 -0.000564000000000002 
boot 0.039666 0.039847 -0.000181000000000001 
boot 0.040205 0.042842 -0.002637 
boot 0.040306 0.038754 0.001552 
boot 0.040972 0.040884 8.80000000000047e-05 
boot 0.041594 0.040306 0.001288 
boot 0.039657 0.04156 -0.001903 
boot 0.04024 0.042203 -0.001963 
boot 0.040753 0.040753 0 
boot 0.040753 0.039689 0.001064 
boot 0.040753 0.038631 0.002122 
boot 0.040913 0.040884 2.90000000000012e-05 
boot 0.039583 0.040231 -0.000648000000000003 
boot 0.040307 0.040306 1.000000000001e-06 
boot 0.040286 0.041621 -0.001335 
boot 0.040403 0.040897 -0.000494000000000001 
boot 0.040996 0.038532 0.002464 
boot 0.039655 0.040884 -0.00122899999999999 
boot 0.039598 0.040902 -0.001304 
boot 0.040897 0.041 -0.000102999999999999 
boot 0.042869 0.040248 0.002621 
boot 0.039689 0.039655 3.39999999999993e-05 
boot 0.04024 0.042305 -0.002065 
boot 0.040963 0.040972 -9.00000000000206e-06 
boot 0.04026 0.039574 0.000685999999999999 
boot 0.040753 0.039345 0.001408 
boot 0.040753 0.040403 0.000349999999999996 
boot 0.04096 0.040614 0.000346000000000006 
boot 0.040709 0.040913 -0.000203999999999996 
boot 0.040753 0.041665 -0.000912000000000003 
boot 0.040959 0.04092 3.90000000000043e-05 
boot 0.040891 0.041549 -0.000658000000000006 
boot 0.040888 0.040753 0.000135000000000003 
boot 0.040898 0.041604 -0.000706000000000005 
boot 0.04226 0.039345 0.002915 
boot 0.040614 0.041604 -0.000990000000000005 
boot 0.040902 0.04023 0.000671999999999999 
boot 0.040898 0.040251 0.000646999999999995 
boot 0.039648 0.040996 -0.001348 
boot 0.040897 0.039653 0.001244 
boot 0.040883 0.039645 0.001238 
boot 0.040753 0.04029 0.000462999999999998 
boot 0.040952 0.040247 0.000705000000000004 
boot 0.039051 0.041551 -0.0025 
boot 0.040362 0.04024 0.000122000000000004 
boot 0.040753 0.040896 -0.000143000000000004 
boot 0.039002 0.040753 -0.001751 
boot 0.040891 0.041891 -0.001 
boot 0.040899 0.040753 0.000146 
boot 0.039019 0.040753 -0.001734 
boot 0.039653 0.040958 -0.001305 
boot 0.042305 0.03899 0.00331500000000001 
boot 0.04349 0.040234 0.003256 
boot 0.039433 0.040934 -0.001501 
boot 0.038754 0.041665 -0.002911 
boot 0.039659 0.040963 -0.001304 
boot 0.040753 0.040884 -0.000130999999999999 
boot 0.04031 0.040313 -3.000000000003e-06 
boot 0.040333 0.039939 0.000393999999999999 
boot 0.039649 0.040919 -0.00127 
boot 0.040251 0.042795 -0.002544 
boot 0.039698 0.040251 -0.000553000000000005 
boot 0.04024 0.040753 -0.000513 
boot 0.040884 0.040319 0.000564999999999996 
boot 0.040753 0.040235 0.000517999999999998 
boot 0.04284 0.039647 0.003193 
boot 0.042276 0.040753 0.001523 
boot 0.038977 0.040966 -0.001989 
boot 0.040996 0.040902 9.39999999999969e-05 
boot 0.040753 0.038754 0.001999 
boot 0.040753 0.041594 -0.000841000000000001 
boot 0.040753 0.040234 0.000518999999999999 
boot 0.041604 0.040753 0.000851000000000005 
boot 0.040902 0.040919 -1.69999999999962e-05 
boot 0.040284 0.041549 -0.001265 
boot 0.040961 0.040257 0.000703999999999996 
boot 0.043224 0.040896 0.002328 
boot 0.040898 0.040753 0.000144999999999999 
boot 0.040959 0.038644 0.002315 
boot 0.040902 0.038978 0.001924 
boot 0.040263 0.040243 1.99999999999992e-05 
boot 0.040902 0.040205 0.000697000000000003 
boot 0.038986 0.042545 -0.003559 
boot 0.038925 0.040884 -0.001959 
boot 0.038359 0.042452 -0.004093 
boot 0.041629 0.040953 0.000675999999999996 
boot 0.040884 0.040251 0.000632999999999995 
boot 0.040333 0.041482 -0.001149 
boot 0.040231 0.040586 -0.000354999999999994 
boot 0.040893 0.042305 -0.001412 
boot 0.039051 0.042281 -0.00323 
boot 0.040884 0.039696 0.00118799999999999 
boot 0.042883 0.039666 0.003217 
boot 0.040306 0.041626 -0.00132 
boot 0.040753 0.040366 0.000386999999999998 
boot 0.040893 0.040753 0.000140000000000001 
boot 0.039306 0.040753 -0.001447 
boot 0.040881 0.04154 -0.000659 
boot 0.042194 0.038995 0.003199 
boot 0.041553 0.040227 0.001326 
boot 0.040287 0.041533 -0.001246 
boot 0.040287 0.042923 -0.002636 
boot 0.040884 0.04026 0.000624 
boot 0.040561 0.042923 -0.002362 
boot 0.039649 0.040366 -0.000717000000000002 
boot 0.040869 0.040287 0.000581999999999999 
boot 0.040284 0.040753 -0.000468999999999997 
boot 0.039576 0.040996 -0.00142 
boot 0.040231 0.041638 -0.001407 
boot 0.040753 0.042186 -0.001433 
boot 0.040231 0.04023 1.000000000001e-06 
boot 0.038976 0.040753 -0.001777 
boot 0.038988 0.041707 -0.002719 
boot 0.040417 0.040251 0.000165999999999999 
boot 0.041638 0.040997 0.000641000000000003 
boot 0.040884 0.039004 0.00188 
boot 0.040996 0.042194 -0.001198 
boot 0.040753 0.040284 0.000468999999999997 
boot 0.04024 0.040753 -0.000513 
boot 0.040026 0.040307 -0.000281000000000003 
boot 0.040306 0.039649 0.000657000000000005 
boot 0.040753 0.040996 -0.000243 
boot 0.039647 0.04096 -0.001313 
boot 0.040266 0.04024 2.60000000000052e-05 
boot 0.040913 0.042903 -0.00199 
boot 0.040902 0.039347 0.001555 
boot 0.040306 0.040907 -0.000600999999999997 
boot 0.040753 0.040717 3.59999999999944e-05 
boot 0.040306 0.039665 0.000641000000000003 
boot 0.040953 0.041604 -0.000650999999999999 
boot 0.040941 0.040902 3.89999999999974e-05 
boot 0.040219 0.040356 -0.000137000000000005 
boot 0.039645 0.040753 -0.001108 
boot 0.040753 0.040306 0.000446999999999996 
boot 0.040709 0.040753 -4.39999999999954e-05 
boot 0.040306 0.038337 0.001969 
boot 0.040227 0.040753 -0.000525999999999999 
boot 0.040298 0.040753 -0.000454999999999997 
boot 0.040263 0.041648 -0.001385 
boot 0.039345 0.04154 -0.002195 
boot 0.040959 0.04092 3.90000000000043e-05 
boot 0.040263 0.040312 -4.90000000000004e-05 
boot 0.040753 0.039764 0.000988999999999997 
boot 0.040753 0.040313 0.000439999999999996 
boot 0.04024 0.040586 -0.000345999999999999 
boot 0.039584 0.040902 -0.001318 
boot 0.040356 0.040227 0.000129000000000004 
boot 0.039345 0.04024 -0.000895 
boot 0.042203 0.040923 0.00128 
boot 0.040903 0.040234 0.000669000000000003 
boot 0.040753 0.038978 0.001775 
boot 0.040284 0.0416 -0.001316 
boot 0.040313 0.040753 -0.000439999999999996 
boot 0.040753 0.040959 -0.000206000000000005 
boot 0.040753 0.04156 -0.000807000000000002 
boot 0.040753 0.041892 -0.001139 
boot 0.038918 0.040319 -0.001401 
boot 0.038988 0.041665 -0.002677 
boot 0.040352 0.041651 -0.001299 
boot 0.040287 0.040315 -2.79999999999933e-05 
boot 0.040953 0.040959 -5.99999999999906e-06 
boot 0.039575 0.0416 -0.002025 
boot 0.040902 0.040231 0.000670999999999998 
boot 0.040333 0.04263 -0.002297 
boot 0.040753 0.039651 0.001102 
boot 0.039659 0.042281 -0.002622 
boot 0.040894 0.040287 0.000606999999999996 
boot 0.040352 0.040222 0.000129999999999998 
boot 0.04058 0.040753 -0.000173 
boot 0.04026 0.040996 -0.000736000000000001 
boot 0.040263 0.040753 -0.000489999999999997 
boot 0.04058 0.0416 -0.00102 
boot 0.040333 0.040753 -0.000419999999999997 
boot 0.041 0.040971 2.90000000000012e-05 
boot 0.038925 0.040913 -0.001988 
boot 0.04024 0.042188 -0.00194800000000001 
boot 0.038986 0.039006 -1.99999999999992e-05 
boot 0.040257 0.043224 -0.002967 
boot 0.040306 0.039347 0.000959000000000002 
boot 0.040753 0.040883 -0.000130000000000005 
boot 0.039366 0.038985 0.000380999999999999 
boot 0.039366 0.040306 -0.000940000000000003 
boot 0.040968 0.040251 0.000716999999999995 
boot 0.04024 0.040996 -0.000756 
boot 0.039659 0.040884 -0.001225 
boot 0.040263 0.042281 -0.002018 
boot 0.039662 0.040248 -0.000585999999999996 
boot 0.040454 0.038358 0.00209599999999999 
boot 0.04156 0.039533 0.002027 
boot 0.041602 0.040884 0.000718000000000003 
boot 0.040753 0.040884 -0.000130999999999999 
boot 0.04024 0.04096 -0.000720000000000005 
boot 0.03964 0.041676 -0.002036 
boot 0.038359 0.041626 -0.00326700000000001 
boot 0.040959 0.039047 0.001912 
boot 0.040996 0.041548 -0.000552000000000004 
boot 0.039609 0.040753 -0.001144 
boot 0.040902 0.040319 0.000583 
boot 0.040913 0.039653 0.00126 
boot 0.04024 0.040898 -0.000657999999999999 
boot 0.04155 0.039345 0.002205 
boot 0.042547 0.039647 0.0029 
boot 0.039645 0.040959 -0.001314 
boot 0.039955 0.040753 -0.000798 
boot 0.038978 0.040902 -0.001924 
boot 0.038371 0.039315 -0.000944 
boot 0.040403 0.038985 0.001418 
boot 0.040231 0.041638 -0.001407 
boot 0.038919 0.042029 -0.00310999999999999 
boot 0.040313 0.040753 -0.000439999999999996 
boot 0.039645 0.040266 -0.000621000000000003 
boot 0.039696 0.039806 -0.000109999999999999 
boot 0.040753 0.039347 0.001406 
boot 0.042849 0.040263 0.002586 
boot 0.040753 0.040891 -0.000137999999999999 
boot 0.03771 0.040263 -0.002553 
boot 0.040942 0.040297 0.000645 
boot 0.038331 0.040923 -0.002592 
boot 0.039576 0.040753 -0.001177 
boot 0.039345 0.040902 -0.001557 
boot 0.040306 0.040953 -0.000647000000000002 
boot 0.040893 0.040913 -1.99999999999992e-05 
boot 0.040753 0.038371 0.002382 
boot 0.040883 0.041556 -0.000673 
boot 0.039659 0.04058 -0.000920999999999998 
boot 0.040753 0.040893 -0.000140000000000001 
boot 0.039655 0.040881 -0.001226 
boot 0.041574 0.040883 0.000690999999999997 
boot 0.040883 0.040753 0.000130000000000005 
boot 0.041555 0.040913 0.000642000000000004 
boot 0.040753 0.040284 0.000468999999999997 
boot 0.040306 0.040753 -0.000446999999999996 
boot 0.039316 0.040307 -0.000991000000000006 
boot 0.039653 0.039847 -0.000194 
boot 0.039562 0.040884 -0.001322 
boot 0.040313 0.042883 -0.00257 
boot 0.041638 0.04031 0.001328 
boot 0.040753 0.038612 0.002141 
boot 0.040753 0.04193 -0.001177 
boot 0.04094 0.040307 0.000632999999999995 
boot 0.040903 0.040753 0.000150000000000004 
boot 0.040284 0.040941 -0.000656999999999998 
boot 0.039627 0.040963 -0.001336 
boot 0.038371 0.040891 -0.00251999999999999 
boot 0.040265 0.04156 -0.001295 
boot 0.040248 0.040753 -0.000504999999999999 
boot 0.040959 0.040962 -2.99999999999606e-06 
boot 0.040902 0.040958 -5.60000000000005e-05 
boot 0.041556 0.039576 0.00198 
boot 0.040753 0.040884 -0.000130999999999999 
boot 0.040883 0.04349 -0.002607 
boot 0.038935 0.04095 -0.002015 
boot 0.039666 0.042179 -0.002513 
boot 0.039598 0.040959 -0.001361 
boot 0.04024 0.039014 0.001226 
boot 0.040227 0.040897 -0.000670000000000004 
boot 0.040893 0.040885 8.00000000000106e-06 
boot 0.039955 0.040902 -0.000947000000000003 
boot 0.040902 0.04094 -3.79999999999964e-05 
boot 0.038359 0.04092 -0.002561 
boot 0.038922 0.041576 -0.002654 
boot 0.040893 0.039659 0.001234 
boot 0.039002 0.040963 -0.001961 
boot 0.040234 0.040753 -0.000518999999999999 
boot 0.040753 0.040883 -0.000130000000000005 
boot 0.040227 0.042263 -0.002036 
boot 0.039653 0.040753 -0.0011 
boot 0.040263 0.040893 -0.000629999999999999 
boot 0.040306 0.039576 0.000730000000000001 
boot 0.04024 0.040352 -0.000112000000000001 
boot 0.039655 0.040314 -0.000659 
boot 0.040913 0.040753 0.00016 
boot 0.040996 0.040236 0.000759999999999997 
boot 0.038978 0.040883 -0.001905 
boot 0.040753 0.040753 0 
boot 0.040923 0.040884 3.90000000000043e-05 
boot 0.040753 0.040953 -0.000200000000000006 
boot 0.040263 0.039665 0.000598000000000001 
boot 0.040266 0.039961 0.000305 
boot 0.040883 0.040753 0.000130000000000005 
boot 0.040899 0.040952 -5.30000000000044e-05 
boot 0.040919 0.040884 3.50000000000003e-05 
boot 0.040959 0.040753 0.000206000000000005 
boot 0.039659 0.040319 -0.000660000000000001 
boot 0.041708 0.039847 0.001861 
boot 0.040872 0.040953 -8.10000000000047e-05 
boot 0.042098 0.040902 0.001196 
boot 0.040753 0.039366 0.001387 
boot 0.041586 0.040923 0.000662999999999997 
boot 0.040898 0.039662 0.00123599999999999 
boot 0.040881 0.040897 -1.60000000000021e-05 
boot 0.040896 0.041586 -0.000689999999999996 
boot 0.040753 0.040247 0.000506 
boot 0.039007 0.04173 -0.002723 
boot 0.040753 0.040403 0.000349999999999996 
boot 0.039645 0.04357 -0.003925 
boot 0.040319 0.040896 -0.000577000000000001 
boot 0.040753 0.040869 -0.000116000000000005 
boot 0.039917 0.040753 -0.000835999999999996 
boot 0.040885 0.038978 0.001907 
boot 0.040753 0.040996 -0.000243 
boot 0.039698 0.042333 -0.00263500000000001 
boot 0.041665 0.038941 0.002724 
boot 0.040753 0.040284 0.000468999999999997 
boot 0.040265 0.040753 -0.000487999999999995 
boot 0.041549 0.03892 0.002629 
boot 0.041482 0.040753 0.000729 
boot 0.040297 0.040902 -0.000605000000000001 
boot 0.040352 0.041261 -0.000909 
boot 0.040265 0.042275 -0.00201 
boot 0.040205 0.040356 -0.000151000000000005 
boot 0.039002 0.040306 -0.001304 
boot 0.039684 0.040753 -0.001069 
boot 0.040231 0.040753 -0.000521999999999995 
boot 0.040753 0.042186 -0.001433 
boot 0.03959 0.040898 -0.001308 
boot 0.040356 0.040883 -0.000527 
boot 0.038988 0.039955 -0.000966999999999996 
boot 0.040885 0.040891 -5.99999999999906e-06 
boot 0.039764 0.04096 -0.001196 
boot 0.039662 0.040333 -0.000670999999999998 
boot 0.039316 0.040902 -0.001586 
boot 0.039647 0.041625 -0.001978 
boot 0.040753 0.040753 0 
boot 0.040898 0.038358 0.00253999999999999 
boot 0.040881 0.040753 0.000128000000000003 
boot 0.040883 0.040753 0.000130000000000005 
boot 0.040753 0.040306 0.000446999999999996 
boot 0.039576 0.039662 -8.60000000000027e-05 
boot 0.042203 0.039659 0.002544 
boot 0.040899 0.040773 0.000126000000000001 
boot 0.039047 0.040251 -0.001204 
boot 0.040753 0.040306 0.000446999999999996 
boot 0.040881 0.040896 -1.50000000000011e-05 
boot 0.040297 0.04031 -1.29999999999991e-05 
boot 0.038925 0.039574 -0.000648999999999997 
boot 0.039627 0.040893 -0.001266 
boot 0.039653 0.041561 -0.001908 
boot 0.041524 0.039576 0.001948 
boot 0.039006 0.040753 -0.001747 
boot 0.04024 0.042795 -0.002555 
boot 0.040913 0.040883 2.99999999999953e-05 
boot 0.040753 0.039847 0.000905999999999997 
boot 0.039002 0.040753 -0.001751 
boot 0.039978 0.04153 -0.001552 
boot 0.040902 0.04092 -1.79999999999972e-05 
boot 0.040219 0.040753 -0.000534 
boot 0.04156 0.040236 0.001324 
boot 0.038986 0.040913 -0.001927 
boot 0.040872 0.040753 0.000119000000000001 
boot 0.040902 0.040753 0.000149000000000003 
boot 0.040996 0.040231 0.000764999999999995 
boot 0.040312 0.03924 0.001072 
boot 0.042186 0.041524 0.000662000000000003 
boot 0.039955 0.039753 0.000202000000000001 
boot 0.039585 0.040234 -0.000648999999999997 
boot 0.040313 0.040996 -0.000682999999999996 
boot 0.040263 0.040959 -0.000696000000000002 
boot 0.039345 0.042305 -0.00296 
boot 0.040313 0.040952 -0.000639000000000001 
boot 0.040753 0.040231 0.000521999999999995 
boot 0.040263 0.040234 2.90000000000012e-05 
boot 0.039471 0.040983 -0.001512 
boot 0.039345 0.040753 -0.001408 
boot 0.04024 0.040753 -0.000513 
boot 0.040881 0.040306 0.000574999999999999 
boot 0.04024 0.040965 -0.000725000000000003 
boot 0.040884 0.038353 0.002531 
boot 0.040333 0.040855 -0.000522000000000002 
boot 0.040561 0.040284 0.000276999999999999 
boot 0.040913 0.040962 -4.90000000000004e-05 
boot 0.040896 0.040299 0.000597 
boot 0.040897 0.041548 -0.000650999999999999 
boot 0.039345 0.040891 -0.001546 
boot 0.040753 0.042275 -0.001522 
boot 0.040885 0.040891 -5.99999999999906e-06 
boot 0.04242 0.040227 0.002193 
boot 0.041551 0.039659 0.001892 
boot 0.040231 0.040306 -7.49999999999987e-05 
boot 0.039939 0.042883 -0.002944 
boot 0.042263 0.039345 0.002918 
boot 0.042519 0.039011 0.003508 
boot 0.039576 0.040884 -0.001308 
boot 0.040307 0.039366 0.000941000000000004 
boot 0.040306 0.039948 0.000358000000000004 
boot 0.03964 0.04153 -0.